day	hour	value
1	01	0
1	02	0
1	03	0
1	04	2
1	04	0
1	05	1
1	05	0
1	06	0
1	07	0
1	08	0
1	09	1
1	09	0
1	10	2
1	10	0
1	11	1
1	11	0
1	12	2
1	12	0
1	13	1
1	13	0
1	14	0
1	15	2
1	15	0
1	16	1
1	16	0
1	17	2
1	17	0
1	18	0
1	19	3
1	19	0
1	20	8
1	20	0
1	21	5
1	21	0
1	22	3
1	22	0
1	23	0
1	24	0
2	01	0
2	02	0
2	03	0
2	04	0
2	05	1
2	05	0
2	06	0
2	07	0
2	08	1
2	08	0
2	09	0
2	10	0
2	11	1
2	11	0
2	12	1
2	12	0
2	13	2
2	13	0
2	14	0
2	15	2
2	15	0
2	16	5
2	16	0
2	17	0
2	18	6
2	18	0
2	19	3
2	19	0
2	20	3
2	20	0
2	21	2
2	21	0
2	22	0
2	23	0
2	24	0
3	01	0
3	02	0
3	03	0
3	04	0
3	05	0
3	06	0
3	07	0
3	08	3
3	08	0
3	09	1
3	09	0
3	10	1
3	10	0
3	11	2
3	11	0
3	12	2
3	12	0
3	13	1
3	13	0
3	14	0
3	15	1
3	15	0
3	16	1
3	16	0
3	17	1
3	17	0
3	18	0
3	19	0
3	20	3
3	20	0
3	21	3
3	21	0
3	22	0
3	23	0
3	24	0
4	01	0
4	02	0
4	03	0
4	04	0
4	05	0
4	06	0
4	07	0
4	08	0
4	09	0
4	10	1
4	10	0
4	11	2
4	11	0
4	12	1
4	12	0
4	13	0
4	14	0
4	15	2
4	15	0
4	16	2
4	16	0
4	17	2
4	17	0
4	18	1
4	18	0
4	19	1
4	19	0
4	20	4
4	20	0
4	21	2
4	21	0
4	22	4
4	22	0
4	23	0
4	24	0
5	01	2
5	01	0
5	02	2
5	02	0
5	03	0
5	04	0
5	05	0
5	06	0
5	07	0
5	08	0
5	09	0
5	10	0
5	11	1
5	11	0
5	12	0
5	13	0
5	14	1
5	14	0
5	15	1
5	15	0
5	16	4
5	16	0
5	17	0
5	18	0
5	19	0
5	20	0
5	21	0
5	22	0
5	23	0
5	24	0
6	01	0
6	02	0
6	03	0
6	04	1
6	04	0
6	05	0
6	06	0
6	07	0
6	08	0
6	09	0
6	10	0
6	11	0
6	12	0
6	13	0
6	14	0
6	15	0
6	16	0
6	17	0
6	18	0
6	19	0
6	20	0
6	21	0
6	22	0
6	23	0
6	24	0
7	01	0
7	02	0
7	03	0
7	04	0
7	05	0
7	06	0
7	07	0
7	08	0
7	09	0
7	10	0
7	11	0
7	12	0
7	13	0
7	14	0
7	15	0
7	16	0
7	17	0
7	18	0
7	19	0
7	20	0
7	21	0
7	22	0
7	23	0
7	24	0
